abstraction features: distinct keys after N sampled decision points
round |      N=1e4 |      N=1e5 |      N=1e6
    1 |        180 |        639 |       1777
    2 |       4087 |      25314 |     127339
    3 |       7894 |      56835 |     389430
    4 |       8171 |      68908 |     565834
    5 |       9207 |      79350 |     678011
    6 |       9615 |      86530 |     753866
    7 |       9857 |      91732 |     810889
    8 |       9934 |      95018 |     854536
    9 |       9964 |      96886 |     888723
   10 |       9977 |      97973 |     914201
