abstraction suit-iso: distinct keys after N sampled decision points
round |      N=1e4 |      N=1e5 |      N=1e6
    1 |        246 |       1087 |       7177
    2 |       6587 |      46817 |     370666
    3 |       9695 |      83357 |     668599
    4 |       9977 |      98174 |     898438
    5 |       9999 |      99859 |     986859
    6 |      10000 |      99983 |     998651
    7 |      10000 |      99998 |     999862
    8 |      10000 |     100000 |     999984
    9 |      10000 |     100000 |     999999
   10 |      10000 |     100000 |    1000000
